////////////////////////////////////////////////////////////////////////////////
//
//  KlippensteinH2O2 library
//
////////////////////////////////////////////////////////////////////////////////

1      H                                     52.1      27.4      4.97      4.97      4.97      4.97      4.97      4.97      4.97         0         0         0     Neither TRange included 298K!
2      H2                                -0.00045      31.2       6.9      6.96         7      7.02      7.07      7.21      7.73         0         0         0     Neither TRange included 298K!
3      O                                     59.6      38.5      5.23      5.14      5.08      5.05      5.02         5      4.98         0         0         0     Neither TRange included 298K!
4      OH                                     8.9      43.9      7.16      7.08      7.05      7.06      7.15      7.33      7.87         0         0         0     
5      H2O                                  -57.8      45.1         8      8.23      8.44      8.67      9.22      9.87      11.3         0         0         0     Neither TRange included 298K!
6      O2                                -0.00125        49      7.01      7.22      7.44      7.65      8.07      8.35      8.72         0         0         0     Neither TRange included 298K!
7      HO2                                      3      54.7      8.35      8.89      9.46      9.99      10.8      11.4      12.5         0         0         0     
8      H2O2                                 -32.5      55.6      10.4      11.4      12.3      13.1      14.3      15.2      16.8         0         0         0     Neither TRange included 298K!
9      CO                                   -26.4      47.2      6.95      7.03      7.14      7.27      7.61      7.95      8.41         0         0         0     Neither TRange included 298K!
10     CO2                                  -94.1      51.1      8.91      9.86      10.7      11.3      12.3        13      13.9         0         0         0     Neither TRange included 298K!
